1901.00179
1812.11108
1812.10978
1812.09594
1812.04896
1812.03024
1811.09947
1811.08758
1811.08454
1811.05131
1811.05124
1811.02204
1811.00913
1811.00719
1810.13102
1810.11828
1810.11335
1810.10699
1810.08660
1810.06739
1810.04579
1810.00025
1809.11005
1809.10616
1809.10444
1809.09041
1809.05479
1809.05121
1808.10070
1808.09783
1808.09631
1808.09587
1808.08785
1808.06647
1808.04965
1808.02417
1808.01539
1808.01500
1808.01179
1807.11932
1807.10906
1807.06910
1807.00477
1806.10737
1806.09331
1806.01813
1805.09419
1805.02890
1504.02953
1805.01909
1805.01809
1805.00346
1804.10717
1804.09809
1804.05646
1804.03921
1804.03277
1804.02240
1804.01800
1804.01573
1804.00992
1804.00449
1804.00328
1803.08082
1803.01596
1803.01143
1802.09094
1802.08138
1802.07700
1802.07624
1802.07577
1802.06735
1802.06253
1802.05923
1802.03621
1802.03193
1802.02339
1806.00458
1802.02176
1712.04244
1712.04133
1711.11497
1711.09610
1711.09426
1711.08939
1711.05711
1711.03004
1711.02243
1711.00411
1710.11219
1710.09112
1710.07534
1710.06515
1710.03710
1710.01525
1710.01072
1710.01021
1709.09042
1709.08701
1709.06170
1709.04428
1709.04050
1709.03182
1709.02492
1709.01049
1708.07175
1708.06079
1708.05496
1708.03843
1708.02858
1708.02514
1708.02436
1708.02263
1708.02222
1707.07800
1707.06870
1707.06848
1707.04707
1706.10269
1706.08426
1706.07335
1706.06740
1706.04602
1706.04186
1705.10290
1705.09941
1705.09695
1705.09025
1705.07473
1705.05612
1705.03073
1705.02838
1705.01659
1705.01163
1704.07309
1704.07199
1704.07057
1704.05798
1704.02921
1704.02655
1704.02507
1704.02169
1704.02020
1704.01914
1704.01679
1703.10819
1703.10015
1703.06305
1703.04148
1703.00774
1703.00505
1702.05787
1508.01094
1702.03572
1702.02792
1702.02544
1702.00982
1702.00264
1701.06029
1701.04839
1701.03965
1701.03864
1701.03301
1701.02827
1701.02589
1701.02299
1701.01762
1701.01015
1701.00027
1612.09393
1612.09220
1612.07242
1612.06751
1612.00765
1611.07830
1611.06303
1611.03251
1611.02527
1611.02099
1611.00066
1610.09821
1610.09587
1610.05813
1610.05204
1610.02640
1610.01521
1609.09787
1609.09770
1609.09672
1609.09283
1609.06121
1609.05079
1609.04192
1609.03602
1609.02546
1608.08937
1608.08882
1608.08421
1608.07514
1608.07347
1608.07164
1608.07104
1608.05816
1506.04789
1506.02098
1506.00158
1505.07359
1505.05531
1505.05477
1505.05442
1505.03425
1505.02280
1505.00865
1505.00518
1505.00454
1504.06986
1504.06288
1504.05805
1504.02977
1503.05264
1503.02231
1503.02037
1502.07003
1502.06554
1502.06131
1502.04805
1502.02369
1502.01941
1502.01862
1502.01255
1502.01013
1501.07539
1501.07439
1501.03129
1501.02849
1412.7885
1412.7214
1412.6095
1412.5675
1412.5675
1412.6095
1412.4257
1412.3978
1412.3701
1412.2550
1412.1362
1412.0993
1412.0378
1412.0305
1411.6582
1411.4957
1411.4689
1411.3262
1411.1874
1411.1611
1411.0867
1410.8441
1410.7051
1410.5106
1409.8637
1409.7504
1409.6414
1409.4437
1409.4191
1409.1275
1409.0148
1409.0075
1408.6443
1408.3748
1408.3147
1408.3021
1408.2599
1407.8035
1407.3562
1407.2696
1407.1251
1407.1067
1310.7525
1407.0931
1407.0445
1407.0337
1406.6672
1406.6637
1406.3607
1406.2759
1406.2296
1406.1298
1406.0684
1406.0669
1405.6587
1405.6317
1405.4789
1405.4472
1405.0655
1404.7253
1404.5507
1404.3034
1406.1238
1404.2330
1404.2256
1404.0967
1404.0108
1403.8118
1403.7342
1403.0776
1403.0494
1403.0479
1402.7368
1402.4801
1402.3812
1402.3578
1310.2797
1402.1481
1402.0421
1402.0319
1401.7852
1401.6485
1401.6481
1401.6023
1401.4363
1401.1555
1401.0284
1212.0228
1312.5701
1312.4673
1312.4554
1312.3149
1312.2191
1312.2149
1312.1480
1312.0877
1312.0393
1311.6989
1311.4960
1311.2995
1311.1929
1310.7884
1404.3689
1310.7525
1310.7523
1310.7090
1310.6605
1310.4563
1310.4113
1310.3796
1310.3794
1310.2797
1309.7941
1309.6539
1309.1772
1309.1426
1309.1284
1309.0125
1309.0115
1308.4933
1308.2690
1308.2034
1308.0704
1307.6839
1307.4959
1307.4667
1307.4308
1305.3218
1307.2187
1307.1738
1307.1695
1307.0707
1306.6367
1306.6055
1306.5956
1306.5144
1310.8279
1306.5085
1306.4712
1306.3025
1306.2553
1305.6158
1305.5440
1305.5104
1302.5093
1401.0467
1305.4437
1305.3352
1305.3218
1305.2562
1305.1728
1305.0634
1304.6917
1112.0358
1310.8447
1304.6916
1304.3943
1304.3392
1304.1488
1304.1211
1303.4982
1303.2926
1303.2459
1303.2362
1303.2239
1703.08594
1303.0098
1303.0084
1302.7252
1302.5334
1302.4865
1302.4319
1302.4070
1302.2994
1302.2652
1302.1107
1301.7468
1301.7116
1301.6669
1301.5454
1301.5206
1301.4571
1301.3451
